function [xtab,weight] = gausslegendre64(a,b);

% gives 64 order Gauss-Legendre quadrature point 
% for the interval [a,b]


% points and weights for the interval [-1,1]
xtab(1) =  - 0.999305041735772139456905624346;
xtab(2) =  - 0.996340116771955279346924500676;
xtab(3) =  - 0.991013371476744320739382383443;
xtab(4) =  - 0.983336253884625956931299302157;
xtab(5) =  - 0.973326827789910963741853507352;
xtab(6) =  - 0.961008799652053718918614121897;
xtab(7) =  - 0.946411374858402816062481491347;
xtab(8) =  - 0.929569172131939575821490154559;
xtab(9) =  - 0.910522137078502805756380668008;
xtab(10) = - 0.889315445995114105853404038273;
xtab(11) = - 0.865999398154092819760783385070;
xtab(12) = - 0.840629296252580362751691544696;
xtab(13) = - 0.813265315122797559741923338086;
xtab(14) = - 0.783972358943341407610220525214;
xtab(15) = - 0.752819907260531896611863774886;
xtab(16) = - 0.719881850171610826848940217832;
xtab(17) = - 0.685236313054233242563558371031;
xtab(18) = - 0.648965471254657339857761231993;
xtab(19) = - 0.611155355172393250248852971019;
xtab(20) = - 0.571895646202634034283878116659;
xtab(21) = - 0.531279464019894545658013903544;
xtab(22) = - 0.489403145707052957478526307022;
xtab(23) = - 0.446366017253464087984947714759;
xtab(24) = - 0.402270157963991603695766771260;
xtab(25) = - 0.357220158337668115950442615046;
xtab(26) = - 0.311322871990210956157512698560;
xtab(27) = - 0.264687162208767416373964172510;
xtab(28) = - 0.217423643740007084149648748989;
xtab(29) = - 0.169644420423992818037313629748;
xtab(30) = - 0.121462819296120554470376463492;
xtab(31) = - 0.729931217877990394495429419403e-01;
xtab(32) = - 0.243502926634244325089558428537e-01;
xtab(33) =   0.243502926634244325089558428537e-01;
xtab(34) =   0.729931217877990394495429419403e-01;
xtab(35) =   0.121462819296120554470376463492;
xtab(36) =   0.169644420423992818037313629748;
xtab(37) =   0.217423643740007084149648748989;
xtab(38) =   0.264687162208767416373964172510;
xtab(39) =   0.311322871990210956157512698560;
xtab(40) =   0.357220158337668115950442615046;
xtab(41) =   0.402270157963991603695766771260;
xtab(42) =   0.446366017253464087984947714759;
xtab(43) =   0.489403145707052957478526307022;
xtab(44) =   0.531279464019894545658013903544;
xtab(45) =   0.571895646202634034283878116659;
xtab(46) =   0.611155355172393250248852971019;
xtab(47) =   0.648965471254657339857761231993;
xtab(48) =   0.685236313054233242563558371031;
xtab(49) =   0.719881850171610826848940217832;
xtab(50) =   0.752819907260531896611863774886;
xtab(51) =   0.783972358943341407610220525214;
xtab(52) =   0.813265315122797559741923338086;
xtab(53) =   0.840629296252580362751691544696;
xtab(54) =   0.865999398154092819760783385070;
xtab(55) =   0.889315445995114105853404038273;
xtab(56) =   0.910522137078502805756380668008;
xtab(57) =   0.929569172131939575821490154559;
xtab(58) =   0.946411374858402816062481491347;
xtab(59) =   0.961008799652053718918614121897;
xtab(60) =   0.973326827789910963741853507352;
xtab(61) =   0.983336253884625956931299302157;
xtab(62) =   0.991013371476744320739382383443;
xtab(63) =   0.996340116771955279346924500676;
xtab(64) =   0.999305041735772139456905624346;

weight(1) =  0.178328072169643294729607914497e-2;
weight(2) =  0.414703326056246763528753572855e-2;
weight(3) =  0.650445796897836285611736039998e-2;
weight(4) =  0.884675982636394772303091465973e-2;
weight(5) =  0.111681394601311288185904930192e-1;
weight(6) =  0.134630478967186425980607666860e-1;
weight(7) =  0.157260304760247193219659952975e-1;
weight(8) =  0.179517157756973430850453020011e-1;
weight(9) =  0.201348231535302093723403167285e-1;
weight(10) = 0.222701738083832541592983303842e-1;
weight(11) = 0.243527025687108733381775504091e-1;
weight(12) = 0.263774697150546586716917926252e-1;
weight(13) = 0.283396726142594832275113052002e-1;
weight(14) = 0.302346570724024788679740598195e-1;
weight(15) = 0.320579283548515535854675043479e-1;
weight(16) = 0.338051618371416093915654821107e-1;
weight(17) = 0.354722132568823838106931467152e-1;
weight(18) = 0.370551285402400460404151018096e-1;
weight(19) = 0.385501531786156291289624969468e-1;
weight(20) = 0.399537411327203413866569261283e-1;
weight(21) = 0.412625632426235286101562974736e-1;
weight(22) = 0.424735151236535890073397679088e-1;
weight(23) = 0.435837245293234533768278609737e-1;
weight(24) = 0.445905581637565630601347100309e-1;
weight(25) = 0.454916279274181444797709969713e-1;
weight(26) = 0.462847965813144172959532492323e-1;
weight(27) = 0.469681828162100173253262857546e-1;
weight(28) = 0.475401657148303086622822069442e-1;
weight(29) = 0.479993885964583077281261798713e-1;
weight(30) = 0.483447622348029571697695271580e-1;
weight(31) = 0.485754674415034269347990667840e-1;
weight(32) = 0.486909570091397203833653907347e-1;
weight(33) = 0.486909570091397203833653907347e-1;
weight(34) = 0.485754674415034269347990667840e-1;
weight(35) = 0.483447622348029571697695271580e-1;
weight(36) = 0.479993885964583077281261798713e-1;
weight(37) = 0.475401657148303086622822069442e-1;
weight(38) = 0.469681828162100173253262857546e-1;
weight(39) = 0.462847965813144172959532492323e-1;
weight(40) = 0.454916279274181444797709969713e-1;
weight(41) = 0.445905581637565630601347100309e-1;
weight(42) = 0.435837245293234533768278609737e-1;
weight(43) = 0.424735151236535890073397679088e-1;
weight(44) = 0.412625632426235286101562974736e-1;
weight(45) = 0.399537411327203413866569261283e-1;
weight(46) = 0.385501531786156291289624969468e-1;
weight(47) = 0.370551285402400460404151018096e-1;
weight(48) = 0.354722132568823838106931467152e-1;
weight(49) = 0.338051618371416093915654821107e-1;
weight(50) = 0.320579283548515535854675043479e-1;
weight(51) = 0.302346570724024788679740598195e-1;
weight(52) = 0.283396726142594832275113052002e-1;
weight(53) = 0.263774697150546586716917926252e-1;
weight(54) = 0.243527025687108733381775504091e-1;
weight(55) = 0.222701738083832541592983303842e-1;
weight(56) = 0.201348231535302093723403167285e-1;
weight(57) = 0.179517157756973430850453020011e-1;
weight(58) = 0.157260304760247193219659952975e-1;
weight(59) = 0.134630478967186425980607666860e-1;
weight(60) = 0.111681394601311288185904930192e-1;
weight(61) = 0.884675982636394772303091465973e-2;
weight(62) = 0.650445796897836285611736039998e-2;
weight(63) = 0.414703326056246763528753572855e-2;
weight(64) = 0.178328072169643294729607914497e-2;

% scale for interval [a,b]

xtab   = (b-a)/2*xtab+(b+a)/2;
weight = (b-a)/2*weight;

